"tick","Normal_Count","Infected_Count","Recovered_Count","Dead_Count"
1.0,499,3,0,0
2.0,498,4,0,0
3.0,497,5,0,0
4.0,497,5,0,0
5.0,495,7,0,0
6.0,494,8,0,0
7.0,492,10,0,0
8.0,492,10,0,0
9.0,492,10,0,0
10.0,492,10,0,0
11.0,491,10,1,0
12.0,490,11,1,0
13.0,490,11,1,0
14.0,489,12,1,0
15.0,489,12,1,0
16.0,488,13,1,0
17.0,487,14,1,0
18.0,486,15,1,0
19.0,486,15,1,0
20.0,484,17,1,0
21.0,484,17,1,0
22.0,483,18,1,0
23.0,482,19,1,0
24.0,481,20,1,0
25.0,479,22,1,0
26.0,477,24,1,0
27.0,477,24,1,0
28.0,473,28,1,0
29.0,473,28,1,0
30.0,473,28,1,0
31.0,471,30,1,0
32.0,469,32,1,0
33.0,466,35,1,0
34.0,464,37,1,0
35.0,461,40,1,0
36.0,460,41,1,0
37.0,460,41,1,0
38.0,459,42,1,0
39.0,459,42,1,0
40.0,456,45,1,0
41.0,456,45,1,0
42.0,453,48,1,0
43.0,450,51,1,0
44.0,449,52,1,0
45.0,449,52,1,0
46.0,448,53,1,0
47.0,446,55,1,0
48.0,446,55,1,0
49.0,445,56,1,0
50.0,444,55,1,2
51.0,443,55,1,3
52.0,441,57,1,3
53.0,439,59,1,3
54.0,437,61,1,3
55.0,436,62,1,3
56.0,434,64,1,3
57.0,433,63,2,4
58.0,429,67,2,4
59.0,427,66,5,4
60.0,425,67,6,4
61.0,423,69,6,4
62.0,420,71,6,5
63.0,419,71,7,5
64.0,419,69,8,6
65.0,419,68,9,6
66.0,419,68,9,6
67.0,419,67,9,7
68.0,414,72,9,7
69.0,414,72,9,7
70.0,413,71,10,8
71.0,412,70,10,10
72.0,411,70,10,11
73.0,407,73,11,11
74.0,405,74,11,12
75.0,403,75,11,13
76.0,399,78,12,13
77.0,396,80,13,13
78.0,395,79,15,13
79.0,391,81,17,13
80.0,388,81,19,14
81.0,383,82,23,14
82.0,378,86,23,15
83.0,375,86,25,16
84.0,374,87,25,16
85.0,372,85,28,17
86.0,372,82,31,17
87.0,370,82,32,18
88.0,369,81,34,18
89.0,367,79,38,18
90.0,367,77,39,19
91.0,367,76,40,19
92.0,367,76,40,19
93.0,366,76,40,20
94.0,365,74,42,21
95.0,363,74,43,22
96.0,361,71,47,23
97.0,359,73,47,23
98.0,356,75,47,24
99.0,354,77,47,24
100.0,354,76,48,24
101.0,350,80,48,24
102.0,348,82,48,24
103.0,345,83,50,24
104.0,343,85,50,24
105.0,342,84,51,25
106.0,340,82,54,26
107.0,337,83,56,26
108.0,335,83,56,28
109.0,332,81,60,29
110.0,330,78,64,30
111.0,329,78,65,30
112.0,328,77,66,31
113.0,325,76,70,31
114.0,325,76,70,31
115.0,323,77,71,31
116.0,320,78,72,32
117.0,319,77,73,33
118.0,318,74,77,33
119.0,315,76,77,34
120.0,314,76,78,34
121.0,313,75,80,34
122.0,312,76,80,34
123.0,309,76,82,35
124.0,306,77,82,37
125.0,303,78,83,38
126.0,300,81,83,38
127.0,298,82,84,38
128.0,298,81,84,39
129.0,298,76,86,42
130.0,295,78,87,42
131.0,291,80,88,43
132.0,285,85,89,43
133.0,284,84,91,43
134.0,283,82,93,44
135.0,283,79,95,45
136.0,282,79,95,46
137.0,280,79,97,46
138.0,278,79,98,47
139.0,275,81,99,47
140.0,270,83,101,48
141.0,266,86,101,49
142.0,265,86,102,49
143.0,263,86,103,50
144.0,260,89,103,50
145.0,258,90,103,51
146.0,256,92,103,51
147.0,253,94,104,51
148.0,252,94,104,52
149.0,249,97,104,52
150.0,247,98,105,52
151.0,245,98,107,52
152.0,244,98,108,52
153.0,242,98,110,52
154.0,241,96,111,54
155.0,240,95,113,54
156.0,240,92,115,55
157.0,240,91,116,55
158.0,239,90,118,55
159.0,238,90,119,55
160.0,236,89,122,55
161.0,234,88,122,58
162.0,233,85,122,62
163.0,232,85,122,63
164.0,231,84,123,64
165.0,231,83,124,64
166.0,229,84,125,64
167.0,226,86,126,64
168.0,226,86,126,64
169.0,226,85,126,65
170.0,225,84,128,65
171.0,224,82,128,68
172.0,222,83,128,69
173.0,221,81,130,70
174.0,221,81,130,70
175.0,221,79,132,70
176.0,219,79,132,72
177.0,216,80,134,72
178.0,214,77,136,75
179.0,211,78,137,76
180.0,207,79,139,77
181.0,205,80,139,78
182.0,204,79,140,79
183.0,203,76,143,80
184.0,201,77,143,81
185.0,199,78,144,81
186.0,198,78,145,81
187.0,196,77,146,83
188.0,196,73,149,84
189.0,196,71,149,86
190.0,191,75,149,87
191.0,188,77,150,87
192.0,186,78,151,87
193.0,184,78,152,88
194.0,183,78,153,88
195.0,181,79,154,88
196.0,179,78,157,88
197.0,177,79,158,88
198.0,174,80,160,88
199.0,173,80,161,88
200.0,170,78,165,89
201.0,170,77,166,89
202.0,170,76,166,90
203.0,167,75,169,91
204.0,164,78,169,91
205.0,164,76,170,92
206.0,163,77,170,92
207.0,160,78,170,94
208.0,157,80,171,94
209.0,153,82,173,94
210.0,152,83,173,94
211.0,151,82,174,95
212.0,151,82,174,95
213.0,149,82,175,96
214.0,148,83,175,96
215.0,147,84,175,96
216.0,147,83,176,96
217.0,146,82,177,97
218.0,144,82,178,98
219.0,143,83,178,98
220.0,143,82,179,98
221.0,143,80,179,100
222.0,142,79,180,101
223.0,142,78,181,101
224.0,142,76,182,102
225.0,141,74,184,103
226.0,141,72,185,104
227.0,140,72,185,105
228.0,140,70,186,106
229.0,139,68,188,107
230.0,137,68,188,109
231.0,137,66,189,110
232.0,137,64,191,110
233.0,137,58,195,112
234.0,136,58,196,112
235.0,135,57,198,112
236.0,134,57,199,112
237.0,133,56,200,113
238.0,131,56,200,115
239.0,131,54,201,116
240.0,130,54,202,116
241.0,130,52,204,116
242.0,129,51,205,117
243.0,128,50,206,118
244.0,128,50,206,118
245.0,128,46,209,119
246.0,128,44,210,120
247.0,128,42,211,121
248.0,126,44,211,121
249.0,121,47,213,121
250.0,120,47,214,121
251.0,119,45,216,122
252.0,116,46,218,122
253.0,114,48,218,122
254.0,113,47,219,123
255.0,111,48,220,123
256.0,109,47,223,123
257.0,109,46,224,123
258.0,109,44,225,124
259.0,107,45,226,124
260.0,107,44,227,124
261.0,106,43,229,124
262.0,105,44,229,124
263.0,105,42,231,124
264.0,104,42,232,124
265.0,104,41,233,124
266.0,99,45,234,124
267.0,95,49,234,124
268.0,94,50,234,124
269.0,93,50,235,124
270.0,93,50,235,124
271.0,91,50,235,126
272.0,91,49,236,126
273.0,91,49,236,126
274.0,91,49,236,126
275.0,90,50,236,126
276.0,89,50,236,127
277.0,87,51,236,128
278.0,87,51,236,128
279.0,87,49,237,129
280.0,87,49,237,129
281.0,87,49,237,129
282.0,87,49,237,129
283.0,86,50,237,129
284.0,86,49,238,129
285.0,86,48,238,130
286.0,86,45,239,132
287.0,86,45,239,132
288.0,86,45,239,132
289.0,86,45,239,132
290.0,85,43,239,135
291.0,85,41,240,136
292.0,85,40,241,136
293.0,85,40,241,136
294.0,85,39,241,137
295.0,85,39,241,137
296.0,85,38,241,138
297.0,85,34,244,139
298.0,85,34,244,139
299.0,85,34,244,139
300.0,85,33,244,140
301.0,85,32,245,140
302.0,85,31,245,141
303.0,85,29,247,141
304.0,85,24,249,144
305.0,85,22,250,145
306.0,85,20,251,146
307.0,85,19,251,147
308.0,85,19,251,147
309.0,85,18,252,147
310.0,85,17,253,147
311.0,85,16,254,147
312.0,85,15,255,147
313.0,85,15,255,147
314.0,85,15,255,147
315.0,85,14,255,148
316.0,85,14,255,148
317.0,85,14,255,148
318.0,85,13,255,149
319.0,85,13,255,149
320.0,85,11,257,149
321.0,85,7,261,149
322.0,85,7,261,149
323.0,85,6,262,149
324.0,85,4,264,149
325.0,85,4,264,149
326.0,85,4,264,149
327.0,85,4,264,149
328.0,85,4,264,149
329.0,85,3,265,149
330.0,85,3,265,149
331.0,85,2,266,149
332.0,85,2,266,149
333.0,85,2,266,149
334.0,85,2,266,149
335.0,85,2,266,149
336.0,85,2,266,149
337.0,85,2,266,149
338.0,85,1,267,149
339.0,85,1,267,149
340.0,85,1,267,149
341.0,85,1,267,149
342.0,85,1,267,149
343.0,85,1,267,149
344.0,85,0,268,149
345.0,85,0,268,149
346.0,85,0,268,149
347.0,85,0,268,149
348.0,85,0,268,149
349.0,85,0,268,149
350.0,85,0,268,149
351.0,85,0,268,149
352.0,85,0,268,149
353.0,85,0,268,149
354.0,85,0,268,149
355.0,85,0,268,149
356.0,85,0,268,149
357.0,85,0,268,149
358.0,85,0,268,149
359.0,85,0,268,149
360.0,85,0,268,149
361.0,85,0,268,149
362.0,85,0,268,149
363.0,85,0,268,149
364.0,85,0,268,149
365.0,85,0,268,149
366.0,85,0,268,149
367.0,85,0,268,149
368.0,85,0,268,149
369.0,85,0,268,149
370.0,85,0,268,149
371.0,85,0,268,149
372.0,85,0,268,149
373.0,85,0,268,149
374.0,85,0,268,149
375.0,85,0,268,149
376.0,85,0,268,149
377.0,85,0,268,149
378.0,85,0,268,149
379.0,85,0,268,149
380.0,85,0,268,149
381.0,85,0,268,149
382.0,85,0,268,149
383.0,85,0,268,149
384.0,85,0,268,149
385.0,85,0,268,149
386.0,85,0,268,149
387.0,85,0,268,149
388.0,85,0,268,149
389.0,85,0,268,149
390.0,85,0,268,149
391.0,85,0,268,149
392.0,85,0,268,149
393.0,85,0,268,149
394.0,85,0,268,149
395.0,85,0,268,149
396.0,85,0,268,149
397.0,85,0,268,149
398.0,85,0,268,149
399.0,85,0,268,149
400.0,85,0,268,149
